         1     -1.270303607353
         2     -1.268290767836
         3     -1.263320729335
         4     -1.259180888423
         5     -1.256140834797
         6     -1.253540754191
         7     -1.250248993039
         8     -1.247225433074
         9     -1.245708521332
        10     -1.242023959414
        11     -1.239496443961
        12     -1.234932528909
        13     -1.232689344496
        14     -1.223978511079
        15     -1.220903024741
        16     -1.213876187430
        17     -1.210587046319
        18     -1.209531458270
        19     -1.203936316598
        20     -1.201522811911
        21     -1.196196864337
        22     -1.194692768702
        23     -1.184918049147
        24     -1.183318141619
        25     -1.181493494821
        26     -1.178981115341
        27     -1.176778088487
        28     -1.172839963178
        29     -1.169650704025
        30     -1.159047385370
        31     -1.157059371143
        32     -1.150230066478
        33     -1.147112974229
        34     -1.144273200498
        35     -1.142229619972
        36     -1.136568811590
        37     -1.134407809219
        38     -1.128760737390
        39     -1.125707053883
        40     -1.112191385879
        41     -1.109504464160
        42     -1.107221024114
        43     -1.102099056304
        44     -1.099467216437
        45     -1.096172058719
        46     -1.090028670086
        47     -1.088653854760
        48     -1.083966632183
        49     -1.075056743281
        50     -1.069748241990
        51     -1.067783847268
        52     -1.060512011147
        53     -1.056777045900
        54     -1.053603728992
        55     -1.045015068000
        56     -1.042391084872
        57     -1.042009245385
        58     -1.038990655739
        59     -1.036510759068
        60     -1.031715407065
        61     -1.021583798492
        62     -1.019102635177
        63     -1.016450739650
        64     -1.013351489163
        65     -1.005205616861
        66     -1.001154801315
        67     -0.997973714534
        68     -0.991443627785
        69     -0.989195912937
        70     -0.987738812218
        71     -0.984846034867
        72     -0.973902284676
        73     -0.971856236278
        74     -0.968297605323
        75     -0.963506937214
        76     -0.937356664241
        77     -0.933719111711
        78     -0.931478992729
        79     -0.929949392986
        80     -0.922058612288
        81     -0.921197447868
        82     -0.914800680313
        83     -0.912893992198
        84     -0.910806072376
        85     -0.908879563242
        86     -0.905056372401
        87     -0.903085141637
        88     -0.895054409938
        89     -0.892488213193
        90     -0.890346027319
        91     -0.888458896974
        92     -0.883047815689
        93     -0.880432774595
        94     -0.878792164514
        95     -0.875874613501
        96     -0.872056606418
        97     -0.868981341948
        98     -0.863317636041
        99     -0.856496939720
       100     -0.853276871197
       101     -0.851510462231
       102     -0.849457870818
       103     -0.848510763456
       104     -0.846381812395
       105     -0.845169493590
       106     -0.843866817111
       107     -0.841274687531
       108     -0.837597712427
       109     -0.834400920305
       110     -0.832024610224
       111     -0.830575828929
       112     -0.828581608382
       113     -0.827491350332
       114     -0.826091413865
       115     -0.824248848337
       116     -0.822107887999
       117     -0.819990034938
       118     -0.818038697406
       119     -0.815913938824
       120     -0.814189233686
       121     -0.812842286638
       122     -0.811083676903
       123     -0.808830579843
       124     -0.805553310841
       125     -0.800459205902
       126     -0.797631488586
       127     -0.795767111290
       128     -0.793070124891
       129     -0.792632536825
       130     -0.791488216999
       131     -0.788782017135
       132     -0.787913722862
       133     -0.785767197569
       134     -0.784625086083
       135     -0.782660193531
       136     -0.780653998555
       137     -0.779312769993
       138     -0.778380112417
       139     -0.776643014967
       140     -0.774569426806
       141     -0.772385273042
       142     -0.769256611469
       143     -0.765500734079
       144     -0.761011927442
       145     -0.757810599662
       146     -0.754578413683
       147     -0.752327308548
       148     -0.751205388345
       149     -0.748115149965
       150     -0.746702754632
       151     -0.738887705916
       152     -0.736709661411
       153     -0.734374628419
       154     -0.732461740481
       155     -0.731540429281
       156     -0.729097009189
       157     -0.725637222658
       158     -0.724112367478
       159     -0.719520210878
       160     -0.717773924769
       161     -0.716698611640
       162     -0.715292514304
       163     -0.714271127222
       164     -0.708758496354
       165     -0.707547040637
       166     -0.705881448210
       167     -0.704158494017
       168     -0.700850711991
       169     -0.700103300785
       170     -0.697618591343
       171     -0.696848004596
       172     -0.695134844266
       173     -0.692378159304
       174     -0.689231859711
       175     -0.685489739619
       176     -0.680618926812
       177     -0.679489456236
       178     -0.674046375792
       179     -0.668223505552
       180     -0.662605719371
       181     -0.660981527192
       182     -0.658683155242
       183     -0.656307934855
       184     -0.654239546867
       185     -0.650957257581
       186     -0.647081872426
       187     -0.643568470165
       188     -0.640748347242
       189     -0.638828205830
       190     -0.637005929690
       191     -0.629863527724
       192     -0.623746679180
       193     -0.622859700946
       194     -0.618316210523
       195     -0.616500179175
       196     -0.610496664600
       197     -0.603430016241
       198     -0.600458811193
       199     -0.593258182831
       200     -0.583526068497
       201     -0.574733493457
       202     -0.526801550192
       203     -0.516242659201
       204     -0.507918700716
       205     -0.504507922008
       206     -0.502328726175
       207     -0.497118133088
       208     -0.493918609747
       209     -0.490285960496
       210     -0.485104665436
       211     -0.480944656993
       212     -0.476442734377
       213     -0.471063910366
       214     -0.467089862216
       215     -0.466043553245
       216     -0.462622277187
       217     -0.461346361131
       218     -0.451548097808
       219     -0.444751366468
       220     -0.439727140800
       221     -0.435052299391
       222     -0.432598998545
       223     -0.427913348314
       224     -0.425316488861
       225     -0.415342194909
       226     -0.411456813106
       227     -0.402095611040
       228     -0.400160427554
       229     -0.396365881224
       230     -0.394229571870
       231     -0.388443262928
       232     -0.378939156056
       233     -0.376627921519
       234     -0.369006030362
       235     -0.364942418727
       236     -0.363308449908
       237     -0.360369608820
       238     -0.357173582251
       239     -0.352028203217
       240     -0.351182896972
       241     -0.347108203046
       242     -0.343545862730
       243     -0.340613493189
       244     -0.336544192461
       245     -0.333169897070
       246     -0.327724629132
       247     -0.323302876374
       248     -0.320162610501
       249     -0.313759644125
       250     -0.308987398068
       251     -0.306109169679
       252     -0.301223834297
       253     -0.299583593447
       254     -0.297436390568
       255     -0.293436435405
       256     -0.291387730521
       257     -0.286701575609
       258     -0.283319207851
       259     -0.278855612818
       260     -0.276061165957
       261     -0.272601743960
       262     -0.271626853576
       263     -0.268222465948
       264     -0.264213856995
       265     -0.259485775350
       266     -0.254893218999
       267     -0.250199232568
       268     -0.247240477520
       269     -0.246316134245
       270     -0.241909530751
       271     -0.237642376694
       272     -0.234758110643
       273     -0.226255077740
       274     -0.222669878893
       275     -0.220723834607
       276     -0.218202983484
       277     -0.215647806957
       278     -0.212828318672
       279     -0.212089421799
       280     -0.210909058636
       281     -0.208582630735
       282     -0.206058462554
       283     -0.202267127796
       284     -0.199956113823
       285     -0.196412732149
       286     -0.193878841478
       287     -0.189290048347
       288     -0.188434442388
       289     -0.186869957307
       290     -0.183363599680
       291     -0.180110149268
       292     -0.178961428113
       293     -0.176778356423
       294     -0.175293961507
       295     -0.174254914880
       296     -0.172377418735
       297     -0.171603247407
       298     -0.170179098713
       299     -0.169064147071
       300     -0.166349122311
       301     -0.165611236359
       302     -0.163697599874
       303     -0.162823222131
       304     -0.162355819211
       305     -0.159732731859
       306     -0.156199015489
       307     -0.154223671684
       308     -0.152726967991
       309     -0.151398803599
       310     -0.149181689065
       311     -0.147706397372
       312     -0.145922440100
       313     -0.144379554222
       314     -0.142029966310
       315     -0.140379182413
       316     -0.139864297433
       317     -0.136941009478
       318     -0.133378709492
       319     -0.130530459514
       320     -0.129364715880
       321     -0.126793338709
       322     -0.126101001812
       323     -0.124825426565
       324     -0.122825680720
       325     -0.122047263185
       326     -0.121148843482
       327     -0.118985052201
       328     -0.117040056742
       329     -0.115601956094
       330     -0.114883551683
       331     -0.113129331279
       332     -0.112236882399
       333     -0.111557661864
       334     -0.107128294021
       335     -0.105857620426
       336     -0.104398072165
       337     -0.102786354461
       338     -0.097544287855
       339     -0.096830865764
       340     -0.094129254972
       341     -0.092996256838
       342     -0.090961528645
       343     -0.089591882449
       344     -0.087229119810
       345     -0.085860242838
       346     -0.083914926759
       347     -0.081615439282
       348     -0.080194673587
       349     -0.079373950029
       350     -0.077254922648
       351     -0.076302894511
       352     -0.073781666581
       353     -0.072792224258
       354     -0.071683269786
       355     -0.070046431958
       356     -0.068629609710
       357     -0.067737053491
       358     -0.066724455414
       359     -0.065560206121
       360     -0.064319127947
       361     -0.063021547174
       362     -0.061828750935
       363     -0.059901093388
       364     -0.058536228788
       365     -0.057010352226
       366     -0.055720994994
       367     -0.054249327075
       368     -0.053677322213
       369     -0.052432327663
       370     -0.050602512993
       371     -0.050241729524
       372     -0.049339697298
       373     -0.048105331555
       374     -0.047382311067
       375     -0.045738046084
       376     -0.044362491056
       377     -0.043850545160
       378     -0.042876409254
       379     -0.040737117605
       380     -0.040578665714
       381     -0.039502679615
       382     -0.038200113585
       383     -0.037171845694
       384     -0.036101371641
       385     -0.035542428388
       386     -0.033788954775
       387     -0.032482072946
       388     -0.031726503746
       389     -0.030392365907
       390     -0.029352301317
       391     -0.028433105425
       392     -0.027422577565
       393     -0.025899362802
       394     -0.025095091770
       395     -0.024447977221
       396     -0.022822089293
       397     -0.022664882631
       398     -0.020672522512
       399     -0.019234575519
       400     -0.018606131654
       401     -0.017785705617
       402     -0.015585301121
       403     -0.014584251947
       404     -0.013578069634
       405     -0.013248061836
       406     -0.011871919654
       407     -0.010235075640
       408     -0.009011196795
       409     -0.008446308112
       410     -0.006145933148
       411     -0.005932889763
       412     -0.004775228094
       413     -0.003869010057
       414     -0.002339744319
       415     -0.001790954728
       416     -0.000178519348
       417      0.000631146612
       418      0.001739176368
       419      0.002770022757
       420      0.003424405781
       421      0.004287314683
       422      0.005700103104
       423      0.006626532841
       424      0.007669917343
       425      0.008475131965
       426      0.009987836838
       427      0.010833960093
       428      0.012132514851
       429      0.012854925607
       430      0.014093323296
       431      0.014374753729
       432      0.015675356776
       433      0.016659038622
       434      0.018573174659
       435      0.019615932321
       436      0.019767635162
       437      0.021318747164
       438      0.021858233755
       439      0.022940938480
       440      0.024267537244
       441      0.025093711323
       442      0.025645892161
       443      0.026822219055
       444      0.027682779192
       445      0.028774557721
       446      0.029367187754
       447      0.029668886814
       448      0.031183366332
       449      0.031653259333
       450      0.032635343781
       451      0.033460855680
       452      0.033910900822
       453      0.034753889067
       454      0.035262666779
       455      0.036296812685
       456      0.037202091244
       457      0.038647475546
       458      0.039811273662
       459      0.040294043040
       460      0.041124971450
       461      0.041747911339
       462      0.042640935138
       463      0.043143249723
       464      0.043705459883
       465      0.044464708283
       466      0.045169542050
       467      0.045974301758
       468      0.046685338344
       469      0.047422429826
       470      0.048532262769
       471      0.049016064469
       472      0.049866543637
       473      0.050693918502
       474      0.051448219930
       475      0.052363285524
       476      0.052818050392
       477      0.053215563188
       478      0.053926800506
       479      0.055037655596
       480      0.055339815339
       481      0.056391800982
       482      0.057477507001
       483      0.058032010757
       484      0.058682806727
       485      0.059290380948
       486      0.060166901900
       487      0.060635658128
       488      0.061036731539
       489      0.061868869275
       490      0.062021732023
       491      0.063367984286
       492      0.064259579239
       493      0.064792028989
       494      0.065482794018
       495      0.066146185550
       496      0.066593249844
       497      0.066924611601
       498      0.067242392993
       499      0.068065945653
       500      0.068809584538
       501      0.069553279845
       502      0.070410109325
       503      0.070696167511
       504      0.071055004941
       505      0.071769754959
       506      0.072384893564
       507      0.072622888809
       508      0.073200551760
       509      0.074026885827
       510      0.074335552562
       511      0.075215347088
       512      0.075749525267
       513      0.076211941802
       514      0.076921414146
       515      0.077527388635
       516      0.077677379122
       517      0.078158459771
       518      0.078596623981
       519      0.079623225165
       520      0.079795772840
       521      0.080805665266
       522      0.081221361879
       523      0.081861603998
       524      0.082422885644
       525      0.082688478410
       526      0.083734110727
       527      0.084244672279
       528      0.084952184205
       529      0.085528277280
       530      0.085882699051
       531      0.086478546266
       532      0.086722983967
       533      0.087451726400
       534      0.088249651814
       535      0.088652257452
       536      0.089027876477
       537      0.089568020222
       538      0.090179630123
       539      0.090531131031
       540      0.091098031174
       541      0.091767577599
       542      0.092077576925
       543      0.092389940022
       544      0.093146288868
       545      0.093843684103
       546      0.094235899003
       547      0.095204451686
       548      0.095412187359
       549      0.095723787124
       550      0.096466751132
       551      0.096614701293
       552      0.097393476592
       553      0.097884541037
       554      0.098380429178
       555      0.098760646441
       556      0.099409601579
       557      0.099779298045
       558      0.100296187659
       559      0.101120765864
       560      0.101497986751
       561      0.101997203176
       562      0.102629063971
       563      0.103034920457
       564      0.104292773425
       565      0.104757510615
       566      0.104893250688
       567      0.105777148866
       568      0.106512806508
       569      0.107388983201
       570      0.107625134949
       571      0.108315943479
       572      0.108772065019
       573      0.109344270067
       574      0.109531640760
       575      0.110337229385
       576      0.111052387697
       577      0.111709974468
       578      0.111854445450
       579      0.112810200308
       580      0.114035061227
       581      0.114437801821
       582      0.115109962662
       583      0.115604405429
       584      0.116583786822
       585      0.117457682042
       586      0.117751600554
       587      0.118680697210
       588      0.119118958857
       589      0.120022147120
       590      0.120128570357
       591      0.120706185433
       592      0.121803704769
       593      0.122155312755
       594      0.123311533170
       595      0.123537168552
       596      0.124592825562
       597      0.125411296372
       598      0.125619840020
       599      0.126390960224
       600      0.126692682442
       601      0.127313540366
       602      0.127608706482
       603      0.128215401154
       604      0.128764839626
       605      0.129414155999
       606      0.130664503141
       607      0.131274665065
       608      0.132006290618
       609      0.132569603959
       610      0.132952553299
       611      0.133304890643
       612      0.133840406606
       613      0.135339297626
       614      0.136327188541
       615      0.136967955578
       616      0.137897955552
       617      0.138499036875
       618      0.139430405071
       619      0.139894211140
       620      0.140851478255
       621      0.141429318147
       622      0.142615287997
       623      0.143400657325
       624      0.143675900035
       625      0.143927265750
       626      0.145186454376
       627      0.145676305468
       628      0.146048063228
       629      0.146852461667
       630      0.147340868576
       631      0.147928394500
       632      0.149069297839
       633      0.149569255964
       634      0.150791148506
       635      0.152049103644
       636      0.152745721377
       637      0.152894756479
       638      0.154118847477
       639      0.154655389867
       640      0.155053443378
       641      0.156054664915
       642      0.157085978288
       643      0.157813392801
       644      0.158035982457
       645      0.158734253289
       646      0.159943677988
       647      0.160721770809
       648      0.161143274950
       649      0.161944821246
       650      0.162573457101
       651      0.163127640084
       652      0.164368105436
       653      0.165503041751
       654      0.165583768668
       655      0.166790505221
       656      0.167694943416
       657      0.167903839193
       658      0.168556232165
       659      0.169364019356
       660      0.170015253575
       661      0.170972017542
       662      0.171369189175
       663      0.172704131746
       664      0.173206318816
       665      0.173411528337
       666      0.174929139265
       667      0.175703087668
       668      0.176273369840
       669      0.176666847128
       670      0.177368914224
       671      0.177738370725
       672      0.178407483284
       673      0.179364618459
       674      0.180238430038
       675      0.181131619155
       676      0.181868772542
       677      0.182508847811
       678      0.183145573072
       679      0.184042645540
       680      0.184983729762
       681      0.186038438936
       682      0.187140493172
       683      0.187622613207
       684      0.188868700608
       685      0.189730189337
       686      0.190430203343
       687      0.191313972560
       688      0.192166843944
       689      0.192892947232
       690      0.195103731652
       691      0.195512584214
       692      0.197592839545
       693      0.198880394199
       694      0.200057755122
       695      0.201791030967
       696      0.202471646170
       697      0.203746833109
       698      0.204801720216
       699      0.205579895679
       700      0.207027480620
       701      0.209598670641
       702      0.211248611764
       703      0.211758835642
       704      0.214258102441
       705      0.215722092950
       706      0.216827895920
       707      0.219788207362
       708      0.220174286266
       709      0.223631019731
       710      0.224085792900
       711      0.226009099544
       712      0.226924733290
       713      0.227891312014
       714      0.228924435776
       715      0.230023263737
       716      0.231021220492
       717      0.232379160019
       718      0.233374606194
       719      0.234932943920
       720      0.237319928970
       721      0.237671282922
       722      0.239019815969
       723      0.240460746085
       724      0.243194708470
       725      0.244317032599
       726      0.247755765311
       727      0.249302775109
       728      0.251059542617
       729      0.251830913796
       730      0.253999108069
       731      0.255703276989
       732      0.259374188827
       733      0.259927682945
       734      0.260647312882
       735      0.263005962742
       736      0.265454784587
       737      0.268207736798
       738      0.269975218955
       739      0.272052757756
       740      0.273444750350
       741      0.275349815469
       742      0.279205128704
       743      0.282694543980
       744      0.284217108733
       745      0.289063147348
       746      0.291985492900
       747      0.293452304832
       748      0.297498603017
       749      0.299272698258
       750      0.300502147658
       751      0.304713868763
       752      0.306542832775
       753      0.309263186365
       754      0.312050910616
       755      0.313451673353
       756      0.317822921736
       757      0.320696437185
       758      0.322538214116
       759      0.325757777724
       760      0.329353884009
       761      0.331568416184
       762      0.334805406780
       763      0.339104816706
       764      0.340481563994
       765      0.346032515983
       766      0.348677971263
       767      0.354310581104
       768      0.358846668614
       769      0.361564950933
       770      0.365206238233
       771      0.366214396271
       772      0.368326720493
       773      0.373445989431
       774      0.378120344872
       775      0.380524353343
       776      0.382685553390
       777      0.384695612070
       778      0.387247318256
       779      0.389099142756
       780      0.391600921803
       781      0.395812050020
       782      0.398283124260
       783      0.403118266128
       784      0.404282170912
       785      0.407951052926
       786      0.408933663114
       787      0.411261162490
       788      0.412837520470
       789      0.416277189827
       790      0.417918394318
       791      0.421576162756
       792      0.424062811138
       793      0.425947808556
       794      0.428713453232
       795      0.432032997126
       796      0.434895625011
       797      0.435229729500
       798      0.439709977264
       799      0.440992071279
       800      0.444721187786
       801      0.446596690860
       802      0.448477931728
       803      0.450492913375
       804      0.451559186305
       805      0.454924571365
       806      0.455733032129
       807      0.459963651678
       808      0.461071190838
       809      0.465940705001
       810      0.468308560214
       811      0.470989674867
       812      0.472371136776
       813      0.474838300659
       814      0.476667671144
       815      0.480055519397
       816      0.482974805546
       817      0.484643595817
       818      0.487159019406
       819      0.488555365788
       820      0.493400112279
       821      0.495904160983
       822      0.500405551807
       823      0.501977291469
       824      0.505313380698
       825      0.507498813847
       826      0.510892231205
       827      0.515003370272
       828      0.518777757350
       829      0.520341637284
       830      0.525403234308
       831      0.526919278208
       832      0.530438205435
       833      0.533452715866
       834      0.534186339167
       835      0.537074452936
       836      0.540272548958
       837      0.544013442425
       838      0.547331438300
       839      0.549680578257
       840      0.555270668432
       841      0.557482149843
       842      0.560902380594
       843      0.564099067409
       844      0.567469491468
       845      0.570865501893
       846      0.572384361330
       847      0.575101329690
       848      0.579451830552
       849      0.582934933498
       850      0.583421952280
       851      0.586556423438
       852      0.589018922205
       853      0.592386706702
       854      0.594842204619
       855      0.596994676761
       856      0.598778559399
       857      0.603810351921
       858      0.605697173678
       859      0.608170777631
       860      0.609414153427
       861      0.611415809838
       862      0.614359812353
       863      0.615409161968
       864      0.616486084515
       865      0.619312817547
       866      0.621509197728
       867      0.622417160613
       868      0.624371609052
       869      0.625549038718
       870      0.629195200115
       871      0.631034924690
       872      0.633575574019
       873      0.637036733405
       874      0.639716629437
       875      0.643387228996
       876      0.649794094604
       877      0.653193230499
       878      0.656038763964
       879      0.659650348356
       880      0.665088356486
       881      0.670569565290
       882      0.677835855832
       883      0.680653581659
       884      0.686575802179
       885      0.690771029352
       886      0.697246471921
       887      0.715529213634
       888      0.736681550892
       889      0.751730214810
       890      0.784268938680
       891      0.798065109306
       892      0.808432620394
       893      0.838802589050
       894      0.855865657530
       895      0.873675822958
       896      0.897882479606
       897      0.925240106450
       898      0.949691910989
       899      0.976311853480
       900      1.118578792516
